0 92 574
1 0 567
2 7 192
3 26 167
4 34 473
5 39 561
6 44 451
7 46 279
8 50 221
9 57 25
10 64 127
11 76 46
12 82 446
13 83 456
14 92 170
15 95 234
16 100 547
17 102 250
18 108 141
19 119 141
20 141 321
21 150 176
22 155 469
23 159 493
24 161 192
25 168 56
26 173 514
27 182 540
28 185 338
29 215 411
30 216 458
31 217 389
32 218 108
33 223 437
34 225 124
35 234 281
36 235 254
37 243 372
38 247 538
39 257 386
40 271 154
41 280 403
42 287 325
43 293 356
44 293 524
45 301 291
46 304 202
47 307 570
48 310 485
49 313 464
50 317 265
51 318 64
52 318 152
53 321 307
54 324 357
55 328 10
56 351 338
57 355 442
58 359 58
59 386 183
60 388 414
61 392 320
62 398 511
63 403 18
64 406 184
65 419 543
66 427 301
67 429 127
68 438 400
69 448 232
70 455 529
71 457 196
72 458 529
73 466 449
74 467 316
75 488 178
76 489 272
77 491 368
78 512 311
79 520 549
80 521 87
81 523 125
82 533 535
83 536 149
84 537 327
85 537 386
86 539 412
87 545 106
88 548 232
89 550 184
90 561 365
91 562 420
92 566 344