0 186 1211
1 10 419
2 12 596
3 13 470
4 24 488
5 43 937
6 44 209
7 49 227
8 52 486
9 53 574
10 58 126
11 62 1058
12 64 701
13 84 408
14 98 894
15 101 748
16 114 807
17 129 418
18 133 1090
19 146 677
20 153 1127
21 168 1134
22 170 382
23 172 81
24 198 445
25 202 125
26 215 424
27 217 827
28 226 1182
29 231 473
30 237 884
31 238 173
32 238 796
33 245 270
34 256 1026
35 257 423
36 266 64
37 283 557
38 307 676
39 307 1155
40 327 939
41 333 493
42 334 1164
43 341 193
44 342 192
45 347 496
46 349 251
47 349 808
48 357 77
49 358 348
50 369 821
51 378 1027
52 389 623
53 396 307
54 415 201
55 422 1182
56 436 847
57 454 101
58 455 950
59 468 462
60 476 44
61 480 672
62 486 1053
63 488 841
64 490 248
65 494 669
66 495 1115
67 501 538
68 504 681
69 507 235
70 517 21
71 520 661
72 522 882
73 527 748
74 533 979
75 546 857
76 546 1104
77 562 840
78 575 248
79 582 385
80 582 1075
81 601 235
82 621 819
83 625 541
84 628 497
85 630 52
86 638 727
87 639 743
88 642 737
89 649 404
90 652 688
91 670 1044
92 679 261
93 682 1199
94 685 459
95 685 1142
96 686 675
97 699 16
98 707 965
99 715 178
100 720 737
101 724 472
102 724 592
103 724 621
104 727 188
105 731 422
106 734 652
107 740 85
108 745 653
109 765 144
110 784 301
111 784 558
112 786 5
113 789 974
114 797 686
115 824 917
116 837 982
117 843 1098
118 853 417
119 858 1200
120 859 1121
121 874 472
122 875 1123
123 888 365
124 892 444
125 895 610
126 896 643
127 905 1037
128 923 729
129 927 712
130 929 1187
131 929 1205
132 930 1041
133 931 149
134 932 874
135 944 1089
136 953 999
137 954 843
138 958 398
139 972 35
140 972 1001
141 975 854
142 979 93
143 981 470
144 982 878
145 986 1183
146 991 426
147 994 1112
148 999 57
149 999 277
150 1002 610
151 1012 234
152 1017 336
153 1023 1
154 1024 429
155 1026 1066
156 1032 945
157 1033 111
158 1037 645
159 1040 93
160 1044 188
161 1044 369
162 1049 331
163 1049 1043
164 1056 995
165 1070 889
166 1073 361
167 1077 435
168 1081 937
169 1094 359
170 1109 260
171 1109 630
172 1113 846
173 1116 1142
174 1122 54
175 1130 352
176 1131 580
177 1133 716
178 1135 361
179 1145 1000
180 1176 901
181 1184 1113
182 1191 147
183 1195 70
184 1197 221
185 1198 146
186 1199 792